[gd_scene load_steps=8 format=3 uid="uid://dpu8u0h73r1dy"]

[ext_resource type="Script" path="res://Player.gd" id="1_1ouke"]
[ext_resource type="PackedScene" uid="uid://do1ldmsk8lsn8" path="res://assets/testImport.glb" id="2_x5k7m"]
[ext_resource type="PackedScene" uid="uid://lfy5yl3iyvqq" path="res://assets/tree01.glb" id="3_2k5bm"]
[ext_resource type="PackedScene" uid="uid://hrqk8kt7yb8i" path="res://assets/tree02.glb" id="4_6bpil"]

[sub_resource type="CapsuleShape3D" id="CapsuleShape3D_hnuiv"]

[sub_resource type="CapsuleMesh" id="CapsuleMesh_ge5q0"]

[sub_resource type="Environment" id="Environment_wbc6u"]

[node name="World" type="Node3D"]

[node name="Player" type="CharacterBody3D" parent="."]
transform = Transform3D(1, 0, 0, 0, 1, 0, 0, 0, 1, 0, 1, 0)
script = ExtResource("1_1ouke")

[node name="Camera3D" type="Camera3D" parent="Player"]

[node name="PlayerCollision" type="CollisionShape3D" parent="Player"]
shape = SubResource("CapsuleShape3D_hnuiv")

[node name="PlayerMesh" type="MeshInstance3D" parent="Player"]
mesh = SubResource("CapsuleMesh_ge5q0")

[node name="WorldEnvironment" type="WorldEnvironment" parent="."]
environment = SubResource("Environment_wbc6u")

[node name="DirectionalLight3D" type="DirectionalLight3D" parent="."]
transform = Transform3D(-0.866023, -0.433016, 0.250001, 0, 0.499998, 0.866027, -0.500003, 0.749999, -0.43301, 0, 0, 0)
shadow_enabled = true

[node name="TestFloor" type="CSGBox3D" parent="."]
transform = Transform3D(1, 0, 0, 0, 1, 0, 0, 0, 1, 0, -0.25, 0)
use_collision = true
size = Vector3(100, 0.5, 100)

[node name="testImport" parent="." instance=ExtResource("2_x5k7m")]
transform = Transform3D(0.561289, 0, -0.82762, 0, 1, 0, 0.82762, 0, 0.561289, -4.6174, 4.76837e-07, -7.40462)

[node name="tree01" parent="." instance=ExtResource("3_2k5bm")]
transform = Transform3D(1, 0, 0, 0, 1, 0, 0, 0, 1, -7.51045, 4.76837e-07, 0.51906)

[node name="tree02" parent="." instance=ExtResource("4_6bpil")]
transform = Transform3D(1, 0, 0, 0, 1, 0, 0, 0, 1, 12.9342, -4.76837e-07, 3.1615)

[node name="tree03" parent="." instance=ExtResource("4_6bpil")]
transform = Transform3D(0.29334, 0, 0.956008, 0, 1, 0, -0.956008, 0, 0.29334, -13.142, 4.76837e-07, -6.21214)

[node name="tree04" parent="." instance=ExtResource("3_2k5bm")]
transform = Transform3D(0.357025, 0.0295165, -0.933628, 0.304382, 0.94127, 0.146156, 0.883111, -0.336361, 0.327073, 7.75259, -0.0862837, -17.2058)
