[gd_scene load_steps=20 format=3 uid="uid://dpu8u0h73r1dy"]

[ext_resource type="Script" path="res://Player.gd" id="1_1ouke"]
[ext_resource type="AudioStream" uid="uid://dl2yoro4n0lfo" path="res://audio/stepgravel1.mp3" id="2_f4xii"]
[ext_resource type="Texture2D" uid="uid://djn7c4a8n13q5" path="res://textures/grass01.jpg" id="2_leqiw"]
[ext_resource type="PackedScene" uid="uid://do1ldmsk8lsn8" path="res://assets/testImport.glb" id="2_x5k7m"]
[ext_resource type="PackedScene" uid="uid://lfy5yl3iyvqq" path="res://assets/tree01.glb" id="3_2k5bm"]
[ext_resource type="PackedScene" uid="uid://hrqk8kt7yb8i" path="res://assets/tree02.glb" id="4_6bpil"]
[ext_resource type="PackedScene" uid="uid://dx7axtetgr1tv" path="res://assets/bush01.glb" id="5_pfnyj"]
[ext_resource type="AudioStream" path="res://audio/ambience.mp3" id="6_2maxx"]
[ext_resource type="PackedScene" path="res://assets/fence01.glb" id="6_i5dq2"]
[ext_resource type="PackedScene" path="res://assets/fence02.glb" id="7_3wrog"]
[ext_resource type="AudioStream" path="res://audio/storm.mp3" id="7_b0214"]

[sub_resource type="CapsuleShape3D" id="CapsuleShape3D_hnuiv"]

[sub_resource type="CapsuleMesh" id="CapsuleMesh_ge5q0"]

[sub_resource type="ProceduralSkyMaterial" id="ProceduralSkyMaterial_7gasw"]

[sub_resource type="Sky" id="Sky_gkv0d"]
sky_material = SubResource("ProceduralSkyMaterial_7gasw")

[sub_resource type="Environment" id="Environment_wbc6u"]
background_mode = 2
sky = SubResource("Sky_gkv0d")
fog_enabled = true
fog_density = 0.05

[sub_resource type="StandardMaterial3D" id="StandardMaterial3D_nmfsx"]
albedo_texture = ExtResource("2_leqiw")
uv1_scale = Vector3(0.69, 0.69, 0.69)
uv1_triplanar = true
texture_filter = 4

[sub_resource type="CylinderShape3D" id="CylinderShape3D_dh2bv"]
height = 3.88853
radius = 1.52373

[sub_resource type="BoxShape3D" id="BoxShape3D_vysbs"]
size = Vector3(1.38953, 4.86829, 17.5196)

[node name="World" type="Node3D"]

[node name="Player" type="CharacterBody3D" parent="."]
transform = Transform3D(1, 0, 0, 0, 1, 0, 0, 0, 1, 0, 1, 0)
script = ExtResource("1_1ouke")

[node name="Camera3D" type="Camera3D" parent="Player"]

[node name="PlayerCollision" type="CollisionShape3D" parent="Player"]
shape = SubResource("CapsuleShape3D_hnuiv")

[node name="PlayerMesh" type="MeshInstance3D" parent="Player"]
mesh = SubResource("CapsuleMesh_ge5q0")

[node name="StepTimer" type="Timer" parent="Player"]

[node name="StepAudio" type="AudioStreamPlayer3D" parent="Player"]
stream = ExtResource("2_f4xii")

[node name="WorldEnvironment" type="WorldEnvironment" parent="."]
environment = SubResource("Environment_wbc6u")

[node name="DirectionalLight3D" type="DirectionalLight3D" parent="."]
transform = Transform3D(-0.866023, -0.433016, 0.250001, 0, 0.499998, 0.866027, -0.500003, 0.749999, -0.43301, 0, 0, 0)
shadow_enabled = true

[node name="TestFloor" type="CSGBox3D" parent="."]
transform = Transform3D(1, 0, 0, 0, 1, 0, 0, 0, 1, 0, -0.25, 0)
use_collision = true
size = Vector3(200, 0.5, 100)
material = SubResource("StandardMaterial3D_nmfsx")

[node name="testImport" parent="." instance=ExtResource("2_x5k7m")]
transform = Transform3D(0.561289, 0, -0.82762, 0, 1, 0, 0.82762, 0, 0.561289, -4.6174, 4.76837e-07, -7.40462)

[node name="tree01" parent="." instance=ExtResource("3_2k5bm")]
transform = Transform3D(1, 0, 0, 0, 1, 0, 0, 0, 1, -44.2784, 4.76837e-07, 0.51906)

[node name="RigidBody3D" type="RigidBody3D" parent="tree01"]

[node name="CollisionShape3D" type="CollisionShape3D" parent="tree01/RigidBody3D"]
transform = Transform3D(1, 0, 0, 0, 1, 0, 0, 0, 1, -0.0796394, 1.42227, -0.0248957)
shape = SubResource("CylinderShape3D_dh2bv")

[node name="tree02" parent="." instance=ExtResource("4_6bpil")]
transform = Transform3D(1, 0, 0, 0, 1, 0, 0, 0, 1, -46.5735, -4.76837e-07, 12.0064)

[node name="tree03" parent="." instance=ExtResource("4_6bpil")]
transform = Transform3D(0.29334, 0, 0.956008, 0, 1, 0, -0.956008, 0, 0.29334, -43.7502, 4.76837e-07, -6.21214)

[node name="tree04" parent="." instance=ExtResource("3_2k5bm")]
transform = Transform3D(0.357025, 0.0295165, -0.933628, 0.304382, 0.94127, 0.146156, 0.883111, -0.336361, 0.327073, -45.3536, -0.435477, -17.2058)

[node name="bush01" parent="." instance=ExtResource("5_pfnyj")]
transform = Transform3D(1, 0, 0, 0, 1, 0, 0, 0, 1, -43.4879, 4.76837e-07, -9.92083)

[node name="bush02" parent="." instance=ExtResource("5_pfnyj")]
transform = Transform3D(2.4, 0, 0, 0, 2.4, 0, 0, 0, 2.4, -41.1704, 0.411739, 31.3154)

[node name="bush03" parent="." instance=ExtResource("5_pfnyj")]
transform = Transform3D(1, 0, 0, 0, 1, 0, 0, 0, 1, -34.4794, 0, -45.619)

[node name="bush04" parent="." instance=ExtResource("5_pfnyj")]
transform = Transform3D(1, 0, 0, 0, 1, 0, 0, 0, 1, -45.1701, 0.129771, 4.55919)

[node name="bush05" parent="." instance=ExtResource("5_pfnyj")]
transform = Transform3D(1, 0, 0, 0, 1, 0, 0, 0, 1, -37.8235, -0.0744884, -6.1165)

[node name="bush06" parent="." instance=ExtResource("5_pfnyj")]
transform = Transform3D(1, 0, 0, 0, 1, 0, 0, 0, 1, -47.826, -0.177973, 17.5682)

[node name="fence01" parent="." instance=ExtResource("6_i5dq2")]
transform = Transform3D(1, 0, 0, 0, 1, 0, 0, 0, 1, -40.721, 0.413182, -13.289)

[node name="RigidBody3D" type="RigidBody3D" parent="fence01"]

[node name="CollisionShape3D" type="CollisionShape3D" parent="fence01/RigidBody3D"]
transform = Transform3D(0.999995, 0, 0.00326376, 0, 1, 0, -0.00326376, 0, 0.999995, -0.181992, 1.93414, 1.85505)
shape = SubResource("BoxShape3D_vysbs")

[node name="fence02" parent="." instance=ExtResource("6_i5dq2")]
transform = Transform3D(-0.579143, 0.00128232, -0.815225, -0.0220878, -0.999656, 0.0141189, -0.814926, 0.0261834, 0.578973, -40.8188, 3.23757, -41.7463)
rotation_order = 1

[node name="fence03" parent="." instance=ExtResource("7_3wrog")]
transform = Transform3D(1, 0, 0, 0, 1, 0, 0, 0, 1, -40.648, 0.302106, -5.50241)

[node name="fence04" parent="." instance=ExtResource("7_3wrog")]
transform = Transform3D(1, 0, 0, 0, 1, 0, 0, 0, 1, -40.7225, 0.427092, -33.5931)

[node name="fence06" parent="." instance=ExtResource("6_i5dq2")]
transform = Transform3D(1, 0, 0, 0, 1, 0, 0, 0, 1, -40.5632, 0.371963, 14.7446)

[node name="fence07" parent="." instance=ExtResource("7_3wrog")]
transform = Transform3D(-0.999919, 0, -0.0126882, 0, 1, 0, 0.0126882, 0, -0.999919, -40.5354, 0.510224, 23.1697)

[node name="tree05" parent="." instance=ExtResource("4_6bpil")]
transform = Transform3D(1, 0, 0, 0, 0.993923, -0.110081, 0, 0.110081, 0.993923, -47.4236, -9.53674e-07, 29.2476)

[node name="tree06" parent="." instance=ExtResource("3_2k5bm")]
transform = Transform3D(0.135024, -0.328809, 0.934694, 0, 0.943333, 0.331848, -0.990842, -0.0448074, 0.127372, -47.0774, -0.488976, 42.9247)

[node name="fence08" parent="." instance=ExtResource("7_3wrog")]
transform = Transform3D(1, 0, 0, 0, 1, 0, 0, 0, 1, -41.7551, -9.53674e-07, 41.36)

[node name="tree07" parent="." instance=ExtResource("3_2k5bm")]
transform = Transform3D(0.892953, 0.195159, -0.405644, -0.177684, 0.980772, 0.0807171, 0.413597, 0, 0.91046, -42.9778, -0.261622, -47.791)

[node name="tree08" parent="." instance=ExtResource("4_6bpil")]
transform = Transform3D(0.254619, 0, -0.967042, -0.0830389, 0.996306, -0.0218639, 0.96347, 0.085869, 0.253678, -46.5675, -1.90735e-06, -29.8664)

[node name="tree09" parent="." instance=ExtResource("4_6bpil")]
transform = Transform3D(1, 0, 0, 0, 1, 0, 0, 0, 1, -46.1937, -9.53674e-07, -39.4422)

[node name="bush07" parent="." instance=ExtResource("5_pfnyj")]
transform = Transform3D(1, 0, 0, 0, 1, 0, 0, 0, 1, -12.034, 0, 13.3836)

[node name="tree10" parent="." instance=ExtResource("3_2k5bm")]
transform = Transform3D(1, 0, 0, 0, 1, 0, 0, 0, 1, -65.7405, 0, 11.1596)

[node name="tree11" parent="." instance=ExtResource("3_2k5bm")]
transform = Transform3D(-0.571057, 0, 0.82091, 0, 1, 0, -0.82091, 0, -0.571057, -82.4614, 0, -21.874)

[node name="tree12" parent="." instance=ExtResource("4_6bpil")]
transform = Transform3D(0.836554, 0, -0.547884, 0, 1, 0, 0.547884, 0, 0.836554, -73.1383, 0, -7.95544)

[node name="tree13" parent="." instance=ExtResource("4_6bpil")]
transform = Transform3D(1, 0, 0, 0, 1, 0, 0, 0, 1, -62.8072, 0, 23.4351)

[node name="tree14" parent="." instance=ExtResource("4_6bpil")]
transform = Transform3D(1, 0, 0, 0, 1, 0, 0, 0, 1, -62.7423, -1.90735e-06, -38.0351)

[node name="tree15" parent="." instance=ExtResource("3_2k5bm")]
transform = Transform3D(1, 0, 0, 0, 1, 0, 0, 0, 1, -97.0062, 0, -40.6448)

[node name="tree16" parent="." instance=ExtResource("4_6bpil")]
transform = Transform3D(1, 0, 0, 0, 1, 0, 0, 0, 1, -61.5674, 1.90735e-06, 1.58188)

[node name="tree17" parent="." instance=ExtResource("4_6bpil")]
transform = Transform3D(1, 0, 0, 0, 1, 0, 0, 0, 1, -47.65, 1.90735e-06, 23.3669)

[node name="tree18" parent="." instance=ExtResource("3_2k5bm")]
transform = Transform3D(0.704052, 0, -0.710149, 0, 1, 0, 0.710149, 0, 0.704052, -77.9151, 0, -40.6807)

[node name="tree19" parent="." instance=ExtResource("3_2k5bm")]
transform = Transform3D(-0.762578, 0, 0.646896, 0, 1, 0, -0.646896, 0, -0.762578, -61.8853, 0, 31.1726)

[node name="ambience" type="AudioStreamPlayer" parent="."]
stream = ExtResource("6_2maxx")
volume_db = -30.0
autoplay = true

[node name="storm" type="AudioStreamPlayer" parent="."]
stream = ExtResource("7_b0214")
volume_db = -15.0
autoplay = true

[connection signal="timeout" from="Player/StepTimer" to="Player" method="_on_step_timer_timeout"]
